1 F 3 F B F 7 F 9 FB 11 F 13 F B F 17 F
1 2 3 F 5 6 7 F 9 10 11 F 13 14 15 F B 18 19 F 21
1 2 3 4 5 6 F 8 9 10 11 12 13 F 15 16 17 18 B 20 F 22 23
1 2 3 4 5 6 7 8 F 10 11 12 13 14 15 16 17 F 19 20 B 22 23 24
1 2 3 4 5 6 7 8 9 10 F 12 13 14 15 16 17 18 19 20 21 F 23 24 B 26 27 28 29
1 2 3 4 5 6 7 8 9 10 11 F 13 14 15 16 17 18 19 20 21 22 23 F 25 26 27 B 29 30 31 32 33
1 2 3 4 5 6 7 8 9 10 11 12 13 F 15 16 17 18 19 20 21 22 23 24 25 26 27 F B 30 31 32 33 34 35
1 2 3 4 F 6 7 8 9 F 11 12 13 14 F B 17 18 19 F
1 2 3 4 5 6 7 F 9 10 11 12 13 14 15 F 17 B 19 20 21 22 23 F
1 2 F 4 5 F 7 8 F 10 11 F 13 B F 16 17 F 19 20 F 22 23 F 25 26 F B 29 F 31 32
1 2 3 4 5 6 7 8 9 10 11 12 13 14 F 16 17 18 19 20 21 22 23 24 25 B 27 28 29 F 31 32 33 34 35 36 37 38 39 40 41 42 43 44
1 2 3 4 5 6 F 8 9 10 11 12 13 F 15 16 17 18 19 B F 22 23 24 25 26 27 F 29 30 31 32 33 34 F 36 37 38 39 B 41 F 43 44 45 46 47
1 2 3 4 5 F 7 8 9 B 11 F 13 14 15 16 17 F 19 B 21 22 23 F 25 26 27 28
1 2 3 4 5 6 7 8 F 10 11 12 13 14 15 16 17 F 19 20 21 22 23 24 B 26 F 28 29 30 31 32 33 34 35 F 37 38
1 2 3 4 5 6 7 8 9 F 11 12 13 14 15 B 17 18 19 F 21 22 23 24 25 26 27 28 29 F 31 B
1 2 3 4 5 6 7 F 9 10 11 12 B 14 15 F 17 18 19 20 21 22 23 F 25 B 27 28
1 2 3 4 5 6 7 8 9 10 11 F 13 14 15 16 17 18 B 20 21 22 23 F 25
1 2 3 4 5 6 F 8 9 10 11 12 B F 15 16 17 18 19 20 F 22 23 24 25 B 27 F 29 30
1 2 3 4 5 6 7 8 9 10 11 12 F 14 15 16 17 18 19 20 21 22 B 24 25 F 27 28 29 30 31 32 33
1 2 3 4 F 6 7 8 9 F 11 B 13 14 F 16 17 18 19 F 21 22 23 B F
